1.715684366470668465e+00
1.500228706107009202e+00
1.561867127195000648e+00
5.655888906912878156e-01
7.096693757775938138e-01
2.555788005702197552e-02
6.952992411970626563e-01
1.493920408829580992e+00
1.442230219341581687e+00
5.010981884843204170e-01
5.524661479430506006e-01
5.345894959100405686e-01
5.876461669249692932e-01
4.796350947290193290e-01
8.126024447556119412e-01
2.283301540592219681e-01
1.032752846425864846e+00
5.126494618598371744e-01
8.875729643623344600e-01
1.455714625888504088e+00
9.245534568908624351e-01
6.156132341275224462e-01
1.073322464391821995e+00
1.152158145559951663e+00
1.079004578030435368e+00
7.124032466672360897e-01
8.196594075852772221e-01
1.025230522936908528e+00
1.035363146802410483e+00
8.257230440212879330e-01
1.014759848752873950e+00
1.155296084849396721e+00
1.053867685317527503e+00
9.429379349458031356e-01
1.045815257821232080e+00
1.094750701915472746e+00
1.195328696150681935e+00
8.827773470547981560e-01
1.761660154559649527e+00
1.037956421292619780e+00
8.657837051723618060e-01
9.138205056078732014e-01
7.708096532151103020e-01
8.028518523497041315e-01
8.740354424953693524e-01
7.533262279466725886e-01
4.503397143562324345e-01
5.342263462734990753e-01
5.614794484718004242e-01
9.870253082481212914e-01
9.295031009241938591e-01
4.515104355086805299e-01
5.799347080392180942e-01
8.155908619228284806e-01
8.575740273518022150e-01
4.883144244377035648e-01
1.203945023007690907e-03
7.535215758834965527e-01
1.179816138203023002e+00
1.038318687467835844e+00
1.003702575195347890e+00
8.043529621354537085e-01
1.168998937326250598e+00
1.586664090747945011e+00
7.221265863336157054e-01
1.007131785154342651e-01
7.215593010187149048e-03
1.724477406067308038e+00
2.497042931892792694e+00
5.691888001165352762e-01
1.903251229232409969e+00
5.935640845418674871e-01
1.099963331158505753e+00
1.328977925528306514e+00
2.366627799347043037e-03
1.245883177034556866e-03
1.530568587462767027e+00
1.828882172121666372e+00
1.231369947243365459e+00
8.980001450690906495e-01
7.729798468935769051e-01
7.253497520723612979e-01
6.640614611678756773e-01
1.945065334439277649e-03
1.674551169679034501e+00
1.132415880347252823e+00
1.921302041766466573e+00
7.484474538941867650e-01
8.358431223605293781e-01
1.094179999025072902e+00
1.095101036407868378e+00
1.304434962105005980e+00
5.790305185655597597e-01
7.114027139177778736e-01
4.901059594703838229e-01
7.958204801107058302e-01
5.031789369822945446e-01
5.002433884728816338e-01
5.644361620943527669e-01
5.236285197679535486e-01
