1.410395981737071758e-01
1.589855227473811361e+00
1.102891156462585176e+00
3.846153846153846367e-02
4.703209793107332448e-01
0.000000000000000000e+00
4.468352960139568286e-01
1.460612184902195132e+00
1.041666666666666741e+00
3.125000000000000000e-02
2.691607655144149236e-01
1.451143415571776618e+00
1.330005316321105857e+00
1.051170270479733437e+00
2.190759439480667314e+00
1.872681526542210317e+00
2.211810323121868205e+00
1.411704778065071997e+00
1.038461538461538547e+00
1.015260217157292866e+00
1.057142857142857162e+00
9.071146590083128958e-01
1.493459958171398316e+00
1.457471436716520019e+00
1.422303223986298049e+00
1.961174778294354715e+00
2.199276331085794123e+00
1.983611699158253527e+00
2.188350320703261964e+00
1.711297412961088948e+00
2.482885083084389155e+00
1.441162010979084140e+00
1.184753617645183832e+00
1.613376403017039662e+00
1.920867283421209049e+00
1.774251394878886279e+00
4.208507632718158753e+00
3.072256175197351169e+00
2.076493742919353735e+00
3.649716822413345163e+00
2.662114768042923352e+00
2.990675990675990104e+00
2.354339369164351936e+00
2.617948717948717974e+00
1.452979902979902871e+00
1.440618812711835783e+00
2.494057028570763279e+00
1.708141670594736983e+00
2.633413623413622950e+00
2.360894113595316313e+00
2.030193680262079692e+00
2.142086894586894719e+00
1.574853061878019433e+00
2.312257202099580855e+00
3.788322703049738394e+00
2.483750358531161329e+00
0.000000000000000000e+00
9.709029859029860710e-01
2.163636363636363580e+00
2.696833418902151891e+00
2.457495119259824889e+00
2.911165188458617603e+00
2.737274056353003804e+00
2.313339275103980963e+00
3.593024003859917048e+00
0.000000000000000000e+00
0.000000000000000000e+00
1.645249795249795532e+00
1.423040972696109741e+00
1.343511426124618824e+00
3.319546287046287070e+00
2.266119845067213312e+00
4.711740101742989850e+00
3.643047590354775433e+00
0.000000000000000000e+00
0.000000000000000000e+00
1.671467351601104490e+00
3.674965713946223733e+00
2.513948045018385535e+00
3.861763649959025990e+00
3.441503120535378546e+00
3.952291255060017772e+00
2.800068171207877210e+00
0.000000000000000000e+00
1.165795630117854476e+00
2.196076315051040506e+00
2.077873547269210253e+00
2.741050711981151355e+00
1.673855327845141350e+00
1.578509139176814013e+00
1.982263662263662241e+00
1.876301610575804135e+00
1.568642365571566000e+00
4.077264070527827577e+00
1.488269844381399531e+00
1.919160469160469340e+00
2.558220211161387425e+00
2.280298395561553004e+00
2.564962299063333173e+00
2.727845657689409009e+00
